%YAML:1.0
---
model_type: PINHOLE
camera_name: camera
image_width: 640
image_height: 480
distortion_parameters:
   k1: 0.0
   k2: 0.0
   p1: 0.0
   p2: 0.0
projection_parameters:
   fx: 383.04962158203125
   fy: 383.04962158203125
   cx: 322.6988220214844
   cy: 238.2986602783203
